#DeepConCNF_SS8: eight-class secondary structure prediction results 
#probabilities are in the order of H G I E B T S L(loops), the 8 secondary structure types used in DSSP 
   1 M L   0.001 0.000 0.000 0.000 0.000 0.000 0.001 0.998 
   2 S L   0.050 0.002 0.000 0.001 0.002 0.012 0.001 0.931 
   3 D L   0.442 0.004 0.000 0.001 0.002 0.022 0.012 0.516 
   4 N H   0.919 0.007 0.000 0.001 0.000 0.020 0.006 0.046 
   5 N H   0.933 0.006 0.000 0.000 0.000 0.021 0.004 0.036 
   6 Q H   0.962 0.003 0.000 0.000 0.000 0.011 0.004 0.020 
   7 A H   0.986 0.002 0.000 0.000 0.000 0.005 0.001 0.006 
   8 L H   0.976 0.004 0.000 0.000 0.000 0.010 0.001 0.008 
   9 K H   0.973 0.007 0.000 0.001 0.000 0.012 0.001 0.006 
  10 D H   0.883 0.009 0.000 0.001 0.001 0.090 0.006 0.010 
  11 A T   0.056 0.005 0.000 0.000 0.000 0.886 0.016 0.036 
  12 G T   0.005 0.004 0.000 0.000 0.000 0.934 0.015 0.042 
  13 L L   0.000 0.001 0.000 0.001 0.002 0.006 0.013 0.978 
  14 K L   0.001 0.000 0.000 0.003 0.010 0.003 0.025 0.959 
  15 V L   0.001 0.000 0.000 0.004 0.017 0.003 0.021 0.954 
  16 T L   0.011 0.001 0.000 0.001 0.002 0.002 0.013 0.969 
  17 L H   0.967 0.003 0.000 0.000 0.000 0.014 0.005 0.010 
  18 P H   0.984 0.002 0.000 0.000 0.000 0.009 0.002 0.004 
  19 R H   0.994 0.002 0.000 0.000 0.000 0.002 0.001 0.002 
  20 L H   0.996 0.001 0.000 0.000 0.000 0.001 0.000 0.002 
  21 K H   0.995 0.001 0.000 0.000 0.000 0.002 0.000 0.001 
  22 I H   0.996 0.001 0.000 0.000 0.000 0.002 0.000 0.001 
  23 L H   0.991 0.002 0.000 0.000 0.000 0.004 0.000 0.001 
  24 E H   0.977 0.004 0.000 0.001 0.000 0.015 0.002 0.002 
  25 V H   0.928 0.006 0.000 0.001 0.001 0.049 0.007 0.008 
  26 L H   0.718 0.005 0.000 0.002 0.005 0.154 0.033 0.083 
  27 Q L   0.234 0.007 0.001 0.004 0.024 0.247 0.131 0.352 
  28 Q S   0.015 0.011 0.000 0.002 0.007 0.036 0.510 0.419 
  29 P L   0.012 0.136 0.000 0.001 0.004 0.305 0.183 0.357 
  30 E T   0.010 0.158 0.000 0.003 0.012 0.368 0.229 0.220 
  31 C L   0.007 0.131 0.000 0.003 0.013 0.157 0.344 0.345 
  32 Q S   0.001 0.027 0.000 0.006 0.010 0.041 0.516 0.398 
  33 H L   0.000 0.002 0.000 0.022 0.033 0.007 0.257 0.679 
  34 I L   0.001 0.000 0.000 0.048 0.113 0.001 0.021 0.815 
  35 S L   0.011 0.001 0.000 0.045 0.069 0.002 0.014 0.858 
  36 A H   0.985 0.002 0.000 0.001 0.000 0.007 0.002 0.002 
  37 E H   0.990 0.002 0.000 0.000 0.000 0.006 0.001 0.001 
  38 E H   0.994 0.002 0.000 0.000 0.000 0.002 0.000 0.001 
  39 L H   0.997 0.001 0.000 0.000 0.000 0.001 0.000 0.001 
  40 Y H   0.994 0.001 0.000 0.000 0.000 0.003 0.000 0.001 
  41 K H   0.992 0.001 0.000 0.000 0.000 0.005 0.000 0.001 
  42 K H   0.993 0.002 0.000 0.000 0.000 0.004 0.000 0.001 
  43 L H   0.979 0.004 0.000 0.000 0.000 0.013 0.001 0.002 
  44 I H   0.921 0.013 0.000 0.000 0.000 0.059 0.003 0.003 
  45 D H   0.862 0.017 0.000 0.001 0.001 0.099 0.012 0.009 
  46 L H   0.518 0.017 0.000 0.001 0.001 0.396 0.041 0.024 
  47 G T   0.030 0.022 0.000 0.001 0.001 0.639 0.053 0.254 
  48 E L   0.013 0.033 0.000 0.001 0.004 0.335 0.130 0.483 
  49 E L   0.010 0.025 0.000 0.005 0.011 0.246 0.081 0.621 
  50 I L   0.005 0.006 0.000 0.007 0.026 0.018 0.111 0.826 
  51 G L   0.010 0.001 0.000 0.002 0.005 0.002 0.015 0.965 
  52 L H   0.971 0.004 0.000 0.000 0.000 0.013 0.004 0.007 
  53 A H   0.987 0.003 0.000 0.000 0.000 0.006 0.001 0.002 
  54 T H   0.992 0.003 0.000 0.000 0.000 0.002 0.001 0.001 
  55 V H   0.996 0.000 0.000 0.000 0.000 0.001 0.000 0.002 
  56 Y H   0.996 0.000 0.000 0.000 0.000 0.002 0.000 0.001 
  57 R H   0.995 0.000 0.000 0.000 0.000 0.003 0.000 0.002 
  58 V H   0.994 0.000 0.000 0.000 0.000 0.003 0.000 0.002 
  59 L H   0.997 0.000 0.000 0.000 0.000 0.002 0.000 0.001 
  60 N H   0.996 0.000 0.000 0.000 0.000 0.003 0.000 0.001 
  61 Q H   0.998 0.000 0.000 0.000 0.000 0.001 0.000 0.000 
  62 F H   0.997 0.001 0.000 0.000 0.000 0.002 0.000 0.000 
  63 D H   0.995 0.001 0.000 0.000 0.000 0.003 0.000 0.001 
  64 D H   0.969 0.003 0.000 0.001 0.000 0.026 0.001 0.001 
  65 A T   0.081 0.002 0.000 0.000 0.000 0.911 0.004 0.002 
  66 G T   0.004 0.002 0.000 0.000 0.000 0.982 0.008 0.004 
  67 I S   0.000 0.000 0.000 0.008 0.000 0.003 0.925 0.064 
  68 V E   0.000 0.000 0.000 0.903 0.013 0.002 0.026 0.056 
  69 T E   0.000 0.000 0.000 0.994 0.000 0.000 0.000 0.005 
  70 R E   0.000 0.000 0.000 0.995 0.000 0.000 0.000 0.004 
  71 H E   0.000 0.000 0.000 0.990 0.000 0.000 0.001 0.009 
  72 H E   0.000 0.000 0.000 0.945 0.003 0.001 0.003 0.048 
  73 F E   0.000 0.003 0.000 0.591 0.007 0.012 0.020 0.367 
  74 E T   0.001 0.035 0.000 0.061 0.006 0.815 0.060 0.021 
  75 G T   0.001 0.029 0.000 0.018 0.001 0.878 0.068 0.006 
  76 G S   0.002 0.030 0.000 0.131 0.004 0.320 0.376 0.136 
  77 K E   0.001 0.001 0.000 0.647 0.019 0.009 0.019 0.303 
  78 S E   0.001 0.000 0.000 0.961 0.002 0.000 0.003 0.032 
  79 V E   0.000 0.000 0.000 0.993 0.000 0.000 0.001 0.006 
  80 F E   0.000 0.000 0.000 0.995 0.000 0.000 0.001 0.003 
  81 E E   0.000 0.000 0.000 0.977 0.001 0.001 0.001 0.020 
  82 L E   0.000 0.001 0.000 0.769 0.003 0.001 0.008 0.218 
  83 S L   0.000 0.002 0.000 0.348 0.014 0.006 0.062 0.567 
  84 T S   0.000 0.002 0.000 0.091 0.012 0.018 0.528 0.348 
  85 Q S   0.000 0.004 0.000 0.028 0.014 0.045 0.623 0.286 
  86 H S   0.001 0.007 0.000 0.004 0.002 0.196 0.498 0.292 
  87 H L   0.000 0.005 0.000 0.049 0.004 0.196 0.185 0.561 
  88 H E   0.000 0.003 0.000 0.671 0.029 0.014 0.060 0.223 
  89 D E   0.000 0.000 0.000 0.800 0.004 0.005 0.055 0.135 
  90 H E   0.000 0.000 0.000 0.887 0.002 0.001 0.021 0.088 
  91 L E   0.000 0.000 0.000 0.988 0.001 0.000 0.001 0.010 
  92 V E   0.000 0.000 0.000 0.997 0.000 0.000 0.000 0.002 
  93 C E   0.001 0.000 0.000 0.926 0.008 0.004 0.009 0.052 
  94 L T   0.000 0.005 0.000 0.003 0.000 0.968 0.018 0.006 
  95 D T   0.000 0.005 0.000 0.000 0.000 0.978 0.013 0.004 
  96 C T   0.004 0.007 0.000 0.001 0.002 0.950 0.028 0.008 
  97 G L   0.001 0.001 0.000 0.005 0.003 0.176 0.139 0.675 
  98 E L   0.000 0.000 0.000 0.082 0.015 0.000 0.008 0.895 
  99 V E   0.001 0.000 0.000 0.981 0.012 0.000 0.001 0.005 
 100 I E   0.000 0.000 0.000 0.993 0.001 0.000 0.001 0.005 
 101 E E   0.000 0.000 0.000 0.961 0.004 0.000 0.002 0.033 
 102 F E   0.000 0.000 0.000 0.513 0.004 0.001 0.012 0.469 
 103 S L   0.005 0.003 0.000 0.092 0.005 0.007 0.031 0.857 
 104 D H   0.638 0.041 0.000 0.007 0.001 0.083 0.055 0.174 
 105 D H   0.850 0.044 0.000 0.003 0.001 0.071 0.021 0.010 
 106 V H   0.882 0.041 0.000 0.001 0.000 0.044 0.014 0.018 
 107 I H   0.984 0.003 0.000 0.001 0.000 0.006 0.002 0.004 
 108 E H   0.995 0.001 0.000 0.000 0.000 0.002 0.001 0.001 
 109 Q H   0.994 0.001 0.000 0.000 0.000 0.004 0.000 0.001 
 110 R H   0.994 0.001 0.000 0.000 0.000 0.004 0.000 0.001 
 111 Q H   0.994 0.001 0.000 0.000 0.000 0.004 0.000 0.001 
 112 K H   0.994 0.002 0.000 0.000 0.000 0.003 0.000 0.001 
 113 E H   0.992 0.002 0.000 0.000 0.000 0.004 0.000 0.001 
 114 I H   0.988 0.004 0.000 0.000 0.000 0.006 0.000 0.002 
 115 A H   0.975 0.007 0.000 0.000 0.000 0.012 0.001 0.003 
 116 A H   0.925 0.018 0.000 0.001 0.000 0.052 0.002 0.003 
 117 K H   0.853 0.023 0.000 0.002 0.000 0.108 0.008 0.005 
 118 Y H   0.532 0.022 0.000 0.001 0.001 0.377 0.042 0.024 
 119 N T   0.004 0.005 0.000 0.005 0.000 0.854 0.023 0.108 
 120 V L   0.000 0.002 0.000 0.485 0.006 0.004 0.011 0.493 
 121 Q E   0.001 0.001 0.000 0.843 0.007 0.001 0.007 0.141 
 122 L E   0.000 0.001 0.000 0.873 0.002 0.001 0.007 0.116 
 123 T E   0.000 0.001 0.000 0.862 0.001 0.001 0.010 0.125 
 124 N E   0.000 0.001 0.000 0.937 0.002 0.003 0.011 0.046 
 125 H E   0.000 0.001 0.000 0.962 0.001 0.001 0.008 0.027 
 126 S E   0.000 0.001 0.000 0.982 0.001 0.001 0.001 0.015 
 127 L E   0.000 0.000 0.000 0.980 0.000 0.000 0.002 0.017 
 128 Y E   0.000 0.000 0.000 0.986 0.000 0.000 0.002 0.012 
 129 L E   0.000 0.000 0.000 0.989 0.000 0.000 0.001 0.010 
 130 Y E   0.000 0.000 0.000 0.976 0.001 0.001 0.001 0.021 
 131 G E   0.001 0.002 0.000 0.922 0.002 0.002 0.008 0.065 
 132 K E   0.001 0.003 0.000 0.837 0.005 0.003 0.011 0.140 
 133 C E   0.004 0.011 0.000 0.625 0.020 0.012 0.028 0.300 
 134 G L   0.005 0.048 0.000 0.036 0.002 0.070 0.098 0.741 
 135 S L   0.024 0.121 0.000 0.007 0.004 0.230 0.152 0.462 
 136 D L   0.025 0.123 0.000 0.004 0.004 0.219 0.066 0.560 
 137 G L   0.023 0.099 0.000 0.005 0.005 0.103 0.124 0.640 
 138 S L   0.016 0.049 0.000 0.011 0.009 0.052 0.064 0.799 
 139 C L   0.010 0.038 0.000 0.012 0.008 0.037 0.062 0.833 
 140 K L   0.007 0.028 0.000 0.013 0.008 0.077 0.044 0.823 
 141 D L   0.004 0.018 0.000 0.011 0.007 0.057 0.048 0.857 
 142 N L   0.002 0.010 0.000 0.006 0.004 0.019 0.094 0.866 
 143 P L   0.002 0.006 0.000 0.004 0.002 0.027 0.019 0.939 
 144 N L   0.002 0.006 0.000 0.003 0.002 0.023 0.017 0.948 
 145 A L   0.001 0.004 0.000 0.003 0.002 0.014 0.027 0.948 
 146 H L   0.001 0.004 0.000 0.002 0.001 0.012 0.015 0.964 
 147 K L   0.001 0.003 0.000 0.002 0.002 0.007 0.018 0.966 
 148 P L   0.001 0.002 0.000 0.003 0.002 0.007 0.014 0.971 
 149 K L   0.001 0.001 0.000 0.003 0.002 0.005 0.000 0.988 
 150 K L   0.000 0.000 0.000 0.000 0.000 0.000 0.000 0.999 
